[[ 0 62  0  0]
 [ 0 53  0  0]
 [ 0  3  0  0]
 [ 0 12  0  0]]
              precision    recall  f1-score   support

           0       0.00      0.00      0.00        62
           1       0.41      1.00      0.58        53
           2       0.00      0.00      0.00         3
           3       0.00      0.00      0.00        12

   micro avg       0.41      0.41      0.41       130
   macro avg       0.10      0.25      0.14       130
weighted avg       0.17      0.41      0.24       130

[1 1 1 1 1 1 1 1 1 1 1 1 1 1 1 1 1 1 1 1 1 1 1 1 1 1 1 1 1 1 1 1 1 1 1 1 1
 1 1 1 1 1 1 1 1 1 1 1 1 1 1 1 1 1 1 1 1 1 1 1 1 1 1 1 1 1 1 1 1 1 1 1 1 1
 1 1 1 1 1 1 1 1 1 1 1 1 1 1 1 1 1 1 1 1 1 1 1 1 1 1 1 1 1 1 1 1 1 1 1 1 1
 1 1 1 1 1 1 1 1 1 1 1 1 1 1 1 1 1 1 1]
